asthma bmi depression diabetes hypothyroidism neuro rheuma
asthma 1 0.04778 0.05079 0.02433 0.0117 0.04114 0.0125
bmi 0.04778 1 0.04066 0.15604 0.05594 0.01678 0.00651
depression 0.05079 0.04066 1 0.02295 0.02655 0.27243 0.01085
diabetes 0.02433 0.15604 0.02295 1 0.02515 0.0166 0.00179
hypothyroidism 0.0117 0.05594 0.02655 0.02515 1 0.01302 -0.00142
neuro 0.04114 0.01678 0.27243 0.0166 0.01302 1 0.0087
rheuma 0.0125 0.00651 0.01085 0.00179 -0.00142 0.0087 1
